Mon Mar 28 03:22:36 2005
0000       JB       NG       CT       MC       DM       NS       BL       TB    Total
  db:    0.00     0.00     0.00  1000.00     0.00     0.00  1000.00     0.00  2000.00
  cr:    0.00   207.00  4557.74     0.00     0.00     0.00     0.00     0.00  4764.74
 Tot:    0.00  -207.00 -4557.74  1000.00     0.00     0.00  1000.00     0.00 -2764.74

2002       JB       NG       CT       MC       DM       NS       BL       TB    Total
  db: 3397.73     0.00     0.00     0.00  1897.73     0.00     0.00     0.00  5295.46
  cr:  500.00     0.00     0.00     0.00   500.00     0.00    80.00     0.00  1080.00
 Tot: 2897.73     0.00     0.00     0.00  1397.73     0.00   -80.00     0.00  4215.46

2003       JB       NG       CT       MC       DM       NS       BL       TB    Total
  db: 3899.31  1855.59  1959.09     0.00  1940.22     0.00     0.00     0.00  9654.21
  cr: 1495.00  1648.30     0.00     0.00   200.00     0.00   380.00     0.00  3723.30
 Tot: 2404.31   207.29  1959.09     0.00  1740.22     0.00  -380.00     0.00  5930.91

2004       JB       NG       CT       MC       DM       NS       BL       TB    Total
  db: 3985.54  2508.30  3926.15     0.00     0.00   714.06     0.00   102.20 11236.25
  cr: 1328.58  2100.00   307.17    50.00     0.00   240.00     0.00     0.00  4025.75
 Tot: 2656.96   408.30  3618.98   -50.00     0.00   474.06     0.00   102.20  7210.50

2005       JB       NG       CT       MC       DM       NS       BL       TB    Total
  db:  739.95     0.00   739.95     0.00     0.00     0.00     0.00   739.95  2219.84
  cr:  350.00     0.00   300.00     0.00     0.00     0.00     0.00   325.00   975.00
 Tot:  389.95     0.00   439.95     0.00     0.00     0.00     0.00   414.95  1244.84

 Bal: 8348.95   408.59  1460.28   950.00  3137.95   474.06   540.00   517.15 15836.97
