--------------------Debits:  Mon Oct  4 12:25:46 2004--------------------
DM 4        jan      feb      mar      apr      may      jun      jul      aug     sep       oct      nov      dec    total
0000 db     0.00     0.00     0.00     0.00     0.00     0.00     0.00     0.00     0.00     0.00     0.00     0.00     0.00
     cr     0.00     0.00     0.00     0.00     0.00     0.00     0.00     0.00     0.00     0.00     0.00     0.00     0.00
   Tot:     0.00     0.00     0.00     0.00     0.00     0.00     0.00     0.00     0.00     0.00     0.00     0.00     0.00

2002 db     0.00     0.00     0.00     0.00     0.00     0.00   279.50   315.00   250.00   432.38   279.50   341.35  1897.73
     cr     0.00     0.00     0.00     0.00     0.00     0.00     0.00   300.00     0.00     0.00     0.00   200.00   500.00
   Tot:     0.00     0.00     0.00     0.00     0.00     0.00  -279.50   -15.00  -250.00  -432.38  -279.50  -141.35 -1397.73

2003 db   279.50   298.50   309.23   298.42   364.00   390.57     0.00     0.00     0.00     0.00     0.00     0.00  1940.22
     cr     0.00   100.00   100.00     0.00     0.00     0.00     0.00     0.00     0.00     0.00     0.00     0.00   200.00
   Tot:  -279.50  -198.50  -209.23  -298.42  -364.00  -390.57     0.00     0.00     0.00     0.00     0.00     0.00 -1740.22

2004 db     0.00     0.00     0.00     0.00     0.00     0.00     0.00     0.00     0.00     0.00     0.00     0.00     0.00
     cr     0.00     0.00     0.00     0.00     0.00     0.00     0.00     0.00     0.00     0.00     0.00     0.00     0.00
   Tot:     0.00     0.00     0.00     0.00     0.00     0.00     0.00     0.00     0.00     0.00     0.00     0.00     0.00

Debits:  $  3837.95
Credits: $   700.00
Balance: $  3137.95

MC 3        jan      feb      mar      apr      may      jun      jul      aug     sep       oct      nov      dec    total
0000 db  1000.00     0.00     0.00     0.00     0.00     0.00     0.00     0.00     0.00     0.00     0.00     0.00  1000.00
     cr     0.00     0.00     0.00     0.00     0.00     0.00     0.00     0.00     0.00     0.00     0.00     0.00     0.00
   Tot: -1000.00     0.00     0.00     0.00     0.00     0.00     0.00     0.00     0.00     0.00     0.00     0.00 -1000.00

2002 db     0.00     0.00     0.00     0.00     0.00     0.00     0.00     0.00     0.00     0.00     0.00     0.00     0.00
     cr     0.00     0.00     0.00     0.00     0.00     0.00     0.00     0.00     0.00     0.00     0.00     0.00     0.00
   Tot:     0.00     0.00     0.00     0.00     0.00     0.00     0.00     0.00     0.00     0.00     0.00     0.00     0.00

2003 db     0.00     0.00     0.00     0.00     0.00     0.00     0.00     0.00     0.00     0.00     0.00     0.00     0.00
     cr     0.00     0.00     0.00     0.00     0.00     0.00     0.00     0.00     0.00     0.00     0.00     0.00     0.00
   Tot:     0.00     0.00     0.00     0.00     0.00     0.00     0.00     0.00     0.00     0.00     0.00     0.00     0.00

2004 db     0.00     0.00     0.00     0.00     0.00     0.00     0.00     0.00     0.00     0.00     0.00     0.00     0.00
     cr     0.00     0.00     0.00     0.00     0.00     0.00    50.00     0.00     0.00     0.00     0.00     0.00    50.00
   Tot:     0.00     0.00     0.00     0.00     0.00     0.00    50.00     0.00     0.00     0.00     0.00     0.00    50.00

Debits:  $  1000.00
Credits: $    50.00
Balance: $   950.00

BL 6        jan      feb      mar      apr      may      jun      jul      aug     sep       oct      nov      dec    total
0000 db  1000.00     0.00     0.00     0.00     0.00     0.00     0.00     0.00     0.00     0.00     0.00     0.00  1000.00
     cr     0.00     0.00     0.00     0.00     0.00     0.00     0.00     0.00     0.00     0.00     0.00     0.00     0.00
   Tot: -1000.00     0.00     0.00     0.00     0.00     0.00     0.00     0.00     0.00     0.00     0.00     0.00 -1000.00

2002 db     0.00     0.00     0.00     0.00     0.00     0.00     0.00     0.00     0.00     0.00     0.00     0.00     0.00
     cr     0.00     0.00     0.00     0.00     0.00     0.00     0.00     0.00     0.00     0.00     0.00    80.00    80.00
   Tot:     0.00     0.00     0.00     0.00     0.00     0.00     0.00     0.00     0.00     0.00     0.00    80.00    80.00

2003 db     0.00     0.00     0.00     0.00     0.00     0.00     0.00     0.00     0.00     0.00     0.00     0.00     0.00
     cr   380.00     0.00     0.00     0.00     0.00     0.00     0.00     0.00     0.00     0.00     0.00     0.00   380.00
   Tot:   380.00     0.00     0.00     0.00     0.00     0.00     0.00     0.00     0.00     0.00     0.00     0.00   380.00

2004 db     0.00     0.00     0.00     0.00     0.00     0.00     0.00     0.00     0.00     0.00     0.00     0.00     0.00
     cr     0.00     0.00     0.00     0.00     0.00     0.00     0.00     0.00     0.00     0.00     0.00     0.00     0.00
   Tot:     0.00     0.00     0.00     0.00     0.00     0.00     0.00     0.00     0.00     0.00     0.00     0.00     0.00

Debits:  $  1000.00
Credits: $   460.00
Balance: $   540.00

NG 1        jan      feb      mar      apr      may      jun      jul      aug     sep       oct      nov      dec    total
0000 db     0.00     0.00     0.00     0.00     0.00     0.00     0.00     0.00     0.00     0.00     0.00     0.00     0.00
     cr   207.00     0.00     0.00     0.00     0.00     0.00     0.00     0.00     0.00     0.00     0.00     0.00   207.00
   Tot:   207.00     0.00     0.00     0.00     0.00     0.00     0.00     0.00     0.00     0.00     0.00     0.00   207.00

2002 db     0.00     0.00     0.00     0.00     0.00     0.00     0.00     0.00     0.00     0.00     0.00     0.00     0.00
     cr     0.00     0.00     0.00     0.00     0.00     0.00     0.00     0.00     0.00     0.00     0.00     0.00     0.00
   Tot:     0.00     0.00     0.00     0.00     0.00     0.00     0.00     0.00     0.00     0.00     0.00     0.00     0.00

2003 db     0.00     0.00     0.00     0.00     0.00     0.00   366.00   268.61   303.83   286.61   323.66   306.88  1855.59
     cr     0.00     0.00     0.00     0.00     0.00   229.56   200.00   250.00   200.00   293.74   200.00   275.00  1648.30
   Tot:     0.00     0.00     0.00     0.00     0.00   229.56  -166.00   -18.61  -103.83     7.13  -123.66   -31.88  -207.29

2004 db   294.21   233.15   226.82   302.68   316.49   315.31   291.38   298.93   100.00   100.00     0.00     0.00  2478.96
     cr    75.00   200.00   275.00   300.00     0.00   200.00   250.00   200.00   200.00     0.00     0.00     0.00  1700.00
   Tot:  -219.21   -33.15    48.18    -2.68  -316.49  -115.31   -41.38   -98.93   100.00  -100.00     0.00     0.00  -778.96

Debits:  $  4334.55
Credits: $  3555.30
Balance: $   779.25

NS 5        jan      feb      mar      apr      may      jun      jul      aug     sep       oct      nov      dec    total
0000 db     0.00     0.00     0.00     0.00     0.00     0.00     0.00     0.00     0.00     0.00     0.00     0.00     0.00
     cr     0.00     0.00     0.00     0.00     0.00     0.00     0.00     0.00     0.00     0.00     0.00     0.00     0.00
   Tot:     0.00     0.00     0.00     0.00     0.00     0.00     0.00     0.00     0.00     0.00     0.00     0.00     0.00

2002 db     0.00     0.00     0.00     0.00     0.00     0.00     0.00     0.00     0.00     0.00     0.00     0.00     0.00
     cr     0.00     0.00     0.00     0.00     0.00     0.00     0.00     0.00     0.00     0.00     0.00     0.00     0.00
   Tot:     0.00     0.00     0.00     0.00     0.00     0.00     0.00     0.00     0.00     0.00     0.00     0.00     0.00

2003 db     0.00     0.00     0.00     0.00     0.00     0.00     0.00     0.00     0.00     0.00     0.00     0.00     0.00
     cr     0.00     0.00     0.00     0.00     0.00     0.00     0.00     0.00     0.00     0.00     0.00     0.00     0.00
   Tot:     0.00     0.00     0.00     0.00     0.00     0.00     0.00     0.00     0.00     0.00     0.00     0.00     0.00

2004 db   220.21   233.15   226.82     0.00     0.00     0.00     0.00     0.00     0.00     0.00     0.00     0.00   680.17
     cr   100.00   100.00     0.00    40.00     0.00     0.00     0.00     0.00     0.00     0.00     0.00     0.00   240.00
   Tot:  -120.21  -133.15  -226.82    40.00     0.00     0.00     0.00     0.00     0.00     0.00     0.00     0.00  -440.18

Debits:  $   680.18
Credits: $   240.00
Balance: $   440.18

JB 0        jan      feb      mar      apr      may      jun      jul      aug     sep       oct      nov      dec    total
0000 db     0.00     0.00     0.00     0.00     0.00     0.00     0.00     0.00     0.00     0.00     0.00     0.00     0.00
     cr     0.00     0.00     0.00     0.00     0.00     0.00     0.00     0.00     0.00     0.00     0.00     0.00     0.00
   Tot:     0.00     0.00     0.00     0.00     0.00     0.00     0.00     0.00     0.00     0.00     0.00     0.00     0.00

2002 db     0.00     0.00     0.00     0.00     0.00     0.00   279.50   315.00   250.00   432.38   279.50   341.35  1897.73
     cr     0.00     0.00     0.00     0.00     0.00     0.00     0.00   300.00     0.00     0.00     0.00   200.00   500.00
   Tot:     0.00     0.00     0.00     0.00     0.00     0.00  -279.50   -15.00  -250.00  -432.38  -279.50  -141.35 -1397.73

2003 db   383.00   298.50   309.23   298.42   364.00   390.57   366.00   268.61   303.83   286.61   323.66   306.88  3899.31
     cr     0.00   200.00     0.00   250.00     0.00    70.00    50.00     0.00     0.00   300.00   300.00   325.00  1495.00
   Tot:  -383.00   -98.50  -309.23   -48.42  -364.00  -320.57  -316.00  -268.61  -303.83    13.39   -23.66    18.12 -2404.31

2004 db   294.21   233.15   226.82   302.68   316.49   315.31   291.38   311.29   364.50   250.00     0.00     0.00  2905.82
     cr     0.00     0.00   300.00   196.98   176.00     0.00   155.60     0.00   500.00     0.00     0.00     0.00  1328.58
   Tot:  -294.21  -233.15    73.18  -105.70  -140.49  -315.31  -135.78  -311.29   135.50  -250.00     0.00     0.00 -1577.24

Debits:  $  8702.86
Credits: $  3323.58
Balance: $  5379.28

CT 2        jan      feb      mar      apr      may      jun      jul      aug     sep       oct      nov      dec    total
0000 db     0.00     0.00     0.00     0.00     0.00     0.00     0.00     0.00     0.00     0.00     0.00     0.00     0.00
     cr  4557.74     0.00     0.00     0.00     0.00     0.00     0.00     0.00     0.00     0.00     0.00     0.00  4557.74
   Tot:  4557.74     0.00     0.00     0.00     0.00     0.00     0.00     0.00     0.00     0.00     0.00     0.00  4557.74

2002 db     0.00     0.00     0.00     0.00     0.00     0.00     0.00     0.00     0.00     0.00     0.00     0.00     0.00
     cr     0.00     0.00     0.00     0.00     0.00     0.00     0.00     0.00     0.00     0.00     0.00     0.00     0.00
   Tot:     0.00     0.00     0.00     0.00     0.00     0.00     0.00     0.00     0.00     0.00     0.00     0.00     0.00

2003 db   103.50     0.00     0.00     0.00     0.00     0.00   366.00   268.61   303.83   286.61   323.66   306.88  1959.09
     cr     0.00     0.00     0.00     0.00     0.00     0.00     0.00     0.00     0.00     0.00     0.00     0.00     0.00
   Tot:  -103.50     0.00     0.00     0.00     0.00     0.00  -366.00  -268.61  -303.83  -286.61  -323.66  -306.88 -1959.09

2004 db   294.21   233.15   226.82   302.68   316.49   315.31   291.38   311.29   364.50   250.00     0.00     0.00  2905.82
     cr     0.00     0.00     0.00     0.00     0.00     0.00     0.00   307.17     0.00     0.00     0.00     0.00   307.17
   Tot:  -294.21  -233.15  -226.82  -302.68  -316.49  -315.31  -291.38    -4.12  -364.50  -250.00     0.00     0.00 -2598.65

Debits:  $  4864.91
Credits: $  4864.91
Balance: $     0.00
